<html>
	<video autoplay style="display:none;"></video>
	<canvas style="display: none" width="640" height="480"></canvas>
	
	<script>
			/*
			http://francisshanahan.com/index.php/2011/stream-a-webcam-using-javascript-nodejs-android-opera-mobile-web-sockets-and-html5/
			*/
			
			function setupWebSocket() {
				var ws = new WebSocket("ws://localhost:6437/");
				//ws.binaryType = "arraybuffer";
				ws.onopen = function() {
					console.log("sending json data");
				}
				/*
				ws.onmessage = function(e) {
					//do nothing	
				}
				*/
				return ws;
			}
			var ws = setupWebSocket();
			
			// cross-platform stuff. 
			window.URL = window.URL || window.webkitURL;
			navigator.getUserMedia  = navigator.getUserMedia || navigator.webkitGetUserMedia || navigator.mozGetUserMedia || navigator.msGetUserMedia;
			//window.requestFileSystem  = window.requestFileSystem || window.webkitRequestFileSystem;
			
			var video = document.querySelector('video');
			var canvas = document.querySelector('canvas');
			var ctx = canvas.getContext('2d');
			var localMediaStream = null;
			
			function snapshot() {
			  if (localMediaStream) {
			    	ctx.drawImage(video, 0, 0);
					//ws.send(ctx.getImageData(0, 0, 640, 480).data.buffer);
			    	
			    	// "image/webp" works in Chrome 18. In other browsers, this will fall back to image/png.
					var image = canvas.toDataURL('image/png');
					ws.send(image);    	
			  }
			}
			
			function startVideo() {
				setInterval(snapshot, 1000*6);
				navigator.getUserMedia({video: true}, function(stream) {
				  video.src = window.URL.createObjectURL(stream);
				  localMediaStream = stream;
				}, function(e) {
					console.log("rejected", e);
				});
			}

			function sendJson() {
				console.log("sending json");
				ws.send(

{
  "currentFrameRate": 82.0114,
  "devices": [],
  "gestures": [
    {
      "direction": [
        -0.970971,
        -0.00485907,
        -0.239148
      ],
      "duration": 96324,
      "handIds": [
        175
      ],
      "id": 1,
      "pointableIds": [
        1753
      ],
      "position": [
        134.518,
        222.555,
        25.553
      ],
      "progress": 1,
      "state": "stop",
      "type": "screenTap"
    }
  ],
  "hands": [
    {
      "armBasis": [
        [
          -0.351189,
          -0.453974,
          0.818886
        ],
        [
          -0.0859246,
          0.886529,
          0.454624
        ],
        [
          -0.932354,
          0.0892962,
          -0.350347
        ]
      ],
      "armWidth": 51.1443,
      "confidence": 0.0531537,
      "direction": [
        0.975241,
        0.207375,
        0.076816
      ],
      "elbow": [
        -199.024,
        222.749,
        -67.3196
      ],
      "grabStrength": 0,
      "id": 175,
      "palmNormal": [
        0.219561,
        -0.866468,
        -0.448359
      ],
      "palmPosition": [
        45.8986,
        212.16,
        4.93126
      ],
      "palmVelocity": [
        -68.8159,
        35.383,
        12.55
      ],
      "palmWidth": 73.0324,
      "pinchStrength": 0,
      "r": [
        [
          0.981374,
          0.0962473,
          0.166256
        ],
        [
          -0.115196,
          0.987415,
          0.108356
        ],
        [
          -0.153734,
          -0.12549,
          0.980111
        ]
      ],
      "s": 1.37074,
      "sphereCenter": [
        77.1997,
        194.209,
        -23.0119
      ],
      "sphereRadius": 51.257,
      "stabilizedPalmPosition": [
        46.6715,
        212.043,
        4.81698
      ],
      "t": [
        43.4742,
        84.4367,
        49.6804
      ],
      "timeVisible": 46.1671,
      "type": "right",
      "wrist": [
        3.02944,
        203.398,
        8.60516
      ]
    }
  ],
  "id": 369696,
  "interactionBox": {
    "center": [
      0,
      200,
      0
    ],
    "size": [
      235.247,
      235.247,
      147.751
    ]
  },
  "pointables": [
    {
      "bases": [
        [
          [
            0.00455083,
            0.63272,
            0.774367
          ],
          [
            -0.500055,
            0.672041,
            -0.546173
          ],
          [
            -0.865982,
            -0.384741,
            0.319454
          ]
        ],
        [
          [
            -0.13579,
            0.562039,
            0.815888
          ],
          [
            -0.722633,
            0.50718,
            -0.46965
          ],
          [
            -0.677763,
            -0.653361,
            0.337278
          ]
        ],
        [
          [
            -0.13579,
            0.562039,
            0.815888
          ],
          [
            -0.443522,
            0.701902,
            -0.557334
          ],
          [
            -0.885917,
            -0.437545,
            0.153965
          ]
        ],
        [
          [
            -0.13579,
            0.562039,
            0.815888
          ],
          [
            -0.684625,
            0.54203,
            -0.487331
          ],
          [
            -0.716135,
            -0.624752,
            0.311183
          ]
        ]
      ],
      "btipPosition": [
        66.5017,
        255.596,
        -39.442
      ],
      "carpPosition": [
        1.64957,
        205.708,
        -15.8697
      ],
      "dipPosition": [
        53.0493,
        243.86,
        -33.5966
      ],
      "direction": [
        0.885917,
        0.437545,
        -0.153965
      ],
      "extended": true,
      "handId": 175,
      "id": 1750,
      "length": 41.8308,
      "mcpPosition": [
        1.64957,
        205.708,
        -15.8697
      ],
      "pipPosition": [
        28.8048,
        231.886,
        -29.3831
      ],
      "stabilizedTipPosition": [
        63.5039,
        252.906,
        -38.0712
      ],
      "timeVisible": 46.1671,
      "tipPosition": [
        64.3734,
        250.685,
        -38.0004
      ],
      "tipVelocity": [
        -135.114,
        66.8237,
        -57.6978
      ],
      "tool": false,
      "touchDistance": 0.291459,
      "touchZone": "hovering",
      "type": 0,
      "width": 16.2535
    },
    {
      "bases": [
        [
          [
            -0.0768598,
            -0.64281,
            0.76216
          ],
          [
            -0.0903305,
            0.765767,
            0.636743
          ],
          [
            -0.992942,
            -0.0199063,
            -0.116922
          ]
        ],
        [
          [
            0.071279,
            -0.632746,
            0.771072
          ],
          [
            -0.229286,
            0.741943,
            0.630038
          ],
          [
            -0.970746,
            -0.221705,
            -0.092195
          ]
        ],
        [
          [
            0.071279,
            -0.632746,
            0.771072
          ],
          [
            -0.0596397,
            0.768951,
            0.636519
          ],
          [
            -0.995672,
            -0.0913569,
            0.0170733
          ]
        ],
        [
          [
            0.071279,
            -0.632746,
            0.771072
          ],
          [
            0.0839053,
            0.774102,
            0.627476
          ],
          [
            -0.993921,
            0.0199712,
            0.108268
          ]
        ]
      ],
      "btipPosition": [
        132.001,
        221.085,
        22.4083
      ],
      "carpPosition": [
        10.2219,
        210.401,
        15.2267
      ],
      "dipPosition": [
        117.096,
        221.384,
        24.0319
      ],
      "direction": [
        0.995672,
        0.0913569,
        -0.0170733
      ],
      "extended": true,
      "handId": 175,
      "id": 1753,
      "length": 51.713,
      "mcpPosition": [
        60.1445,
        211.402,
        21.1052
      ],
      "pipPosition": [
        94.9571,
        219.353,
        24.4115
      ],
      "stabilizedTipPosition": [
        130.471,
        221.323,
        23.4584
      ],
      "timeVisible": 46.1671,
      "tipPosition": [
        128.282,
        222.355,
        22.8312
      ],
      "tipVelocity": [
        -50.3931,
        9.68184,
        -45.5891
      ],
      "tool": false,
      "touchDistance": 0.333333,
      "touchZone": "none",
      "type": 3,
      "width": 14.5094
    },
    {
      "bases": [
        [
          [
            0.18979,
            -0.412858,
            0.890802
          ],
          [
            -0.0751763,
            0.898518,
            0.432451
          ],
          [
            -0.978943,
            -0.149042,
            0.139492
          ]
        ],
        [
          [
            -0.0117537,
            -0.434446,
            0.900621
          ],
          [
            0.448659,
            0.802638,
            0.393036
          ],
          [
            -0.893626,
            0.408691,
            0.185484
          ]
        ],
        [
          [
            -0.0117537,
            -0.434446,
            0.900621
          ],
          [
            0.988908,
            -0.138421,
            -0.0538663
          ],
          [
            0.148067,
            0.889998,
            0.431254
          ]
        ],
        [
          [
            -0.0117537,
            -0.434446,
            0.900621
          ],
          [
            0.56058,
            -0.748695,
            -0.353844
          ],
          [
            0.828017,
            0.500711,
            0.252342
          ]
        ]
      ],
      "btipPosition": [
        81.145,
        188.723,
        -28.8683
      ],
      "carpPosition": [
        6.75073,
        218.148,
        -2.40825
      ],
      "dipPosition": [
        92.5001,
        195.59,
        -25.4078
      ],
      "direction": [
        -0.148067,
        -0.889998,
        -0.431254
      ],
      "extended": false,
      "handId": 175,
      "id": 1751,
      "length": 47.2014,
      "mcpPosition": [
        64.5573,
        226.949,
        -10.6453
      ],
      "pipPosition": [
        95.3726,
        212.856,
        -17.0414
      ],
      "stabilizedTipPosition": [
        83.9339,
        190.355,
        -28.1065
      ],
      "timeVisible": 46.1671,
      "tipPosition": [
        84.3246,
        190.538,
        -27.9363
      ],
      "tipVelocity": [
        -104.373,
        -47.7407,
        27.8519
      ],
      "tool": false,
      "touchDistance": -0.260236,
      "touchZone": "touching",
      "type": 1,
      "width": 15.5253
    },
    {
      "bases": [
        [
          [
            0.0658022,
            -0.576284,
            0.814596
          ],
          [
            -0.0634821,
            0.812294,
            0.579783
          ],
          [
            -0.995811,
            -0.0898633,
            0.0168671
          ]
        ],
        [
          [
            0.0614472,
            -0.576671,
            0.814662
          ],
          [
            0.453958,
            0.743046,
            0.491736
          ],
          [
            -0.888902,
            0.339606,
            0.307442
          ]
        ],
        [
          [
            0.0614472,
            -0.576671,
            0.814662
          ],
          [
            0.98342,
            -0.10454,
            -0.148176
          ],
          [
            0.170614,
            0.81026,
            0.560686
          ]
        ],
        [
          [
            0.0614472,
            -0.576671,
            0.814662
          ],
          [
            0.529884,
            -0.672839,
            -0.516247
          ],
          [
            0.845841,
            0.463398,
            0.264225
          ]
        ]
      ],
      "btipPosition": [
        82.468,
        181.82,
        -22.7955
      ],
      "carpPosition": [
        8.96642,
        215.41,
        6.8259
      ],
      "dipPosition": [
        95.226,
        188.81,
        -18.8101
      ],
      "direction": [
        -0.170614,
        -0.81026,
        -0.560686
      ],
      "extended": false,
      "handId": 175,
      "id": 1752,
      "length": 53.7822,
      "mcpPosition": [
        64.7306,
        220.442,
        5.88136
      ],
      "pipPosition": [
        99.1201,
        207.303,
        -6.01287
      ],
      "stabilizedTipPosition": [
        85.927,
        183.587,
        -22.02
      ],
      "timeVisible": 46.1671,
      "tipPosition": [
        85.5981,
        183.37,
        -21.9388
      ],
      "tipVelocity": [
        -92.5087,
        -37.0013,
        40.3634
      ],
      "tool": false,
      "touchDistance": -0.249088,
      "touchZone": "touching",
      "type": 2,
      "width": 15.2479
    },
    {
      "bases": [
        [
          [
            -0.175277,
            -0.758425,
            0.627749
          ],
          [
            -0.188552,
            0.651677,
            0.734687
          ],
          [
            -0.966295,
            0.0104099,
            -0.257226
          ]
        ],
        [
          [
            0.089551,
            -0.73358,
            0.673677
          ],
          [
            -0.365583,
            0.604971,
            0.707361
          ],
          [
            -0.926461,
            -0.30963,
            -0.214008
          ]
        ],
        [
          [
            0.089551,
            -0.73358,
            0.673677
          ],
          [
            -0.218779,
            0.645386,
            0.731855
          ],
          [
            -0.971657,
            -0.212925,
            -0.102697
          ]
        ],
        [
          [
            0.089551,
            -0.73358,
            0.673677
          ],
          [
            -0.0900681,
            0.667659,
            0.738999
          ],
          [
            -0.991901,
            -0.126855,
            -0.00628264
          ]
        ]
      ],
      "btipPosition": [
        110.203,
        213.883,
        40.6315
      ],
      "carpPosition": [
        9.95983,
        200.482,
        20.887
      ],
      "dipPosition": [
        96.4799,
        212.128,
        40.5446
      ],
      "direction": [
        0.971657,
        0.212925,
        0.102697
      ],
      "extended": true,
      "handId": 175,
      "id": 1754,
      "length": 40.542,
      "mcpPosition": [
        54.9325,
        199.998,
        32.8587
      ],
      "pipPosition": [
        81.2262,
        208.785,
        38.9324
      ],
      "stabilizedTipPosition": [
        107.911,
        213.226,
        40.8545
      ],
      "timeVisible": 46.1671,
      "tipPosition": [
        106.612,
        214.197,
        41.4761
      ],
      "tipVelocity": [
        -44.3876,
        60.5404,
        -34.0697
      ],
      "tool": false,
      "touchDistance": 0.333333,
      "touchZone": "none",
      "type": 4,
      "width": 12.8884
    }
  ],
  "r": [
    [
      0.981374,
      0.0962473,
      0.166256
    ],
    [
      -0.115196,
      0.987415,
      0.108356
    ],
    [
      -0.153734,
      -0.12549,
      0.980111
    ]
  ],
  "s": 1.37074,
  "t": [
    43.4742,
    84.4367,
    49.6804
  ],
  "timestamp": 254820488203
});
			}
			
			setInterval(sendJson, 1000*3);
	</script>
	
</html>








